0 0.51171875 0.54921875 0.884375 0.065625
0 0.5171875 0.50859375 0.890625 0.05
0 0.51484375 0.47265625 0.890625 0.05625
0 0.51640625 0.434375 0.8875 0.0484375
0 0.51640625 0.403125 0.89375 0.05
0 0.51484375 0.3671875 0.89375 0.0515625
0 0.51328125 0.3375 0.8921875 0.0375
0 0.5125 0.3203125 0.890625 0.028125
0 0.5125 0.30703125 0.890625 0.0296875
0 0.5171875 0.7640625 0.8875 0.0671875
0 0.51953125 0.72734375 0.89375 0.0421875
0 0.51875 0.696875 0.8984375 0.05625
0 0.51796875 0.6625 0.8953125 0.05625
0 0.51640625 0.62734375 0.8953125 0.0515625
0 0.51484375 0.59140625 0.8921875 0.053125
0 0.51953125 0.86875 0.89375 0.0375
0 0.521875 0.83828125 0.8921875 0.053125
0 0.51796875 0.80390625 0.890625 0.05