0 0.5109375 0.54921875 0.88359375 0.05078125
0 0.5171875 0.50859375 0.88984375 0.03515625
0 0.515625 0.47265625 0.890625 0.04140625
0 0.5171875 0.434375 0.88671875 0.0328125
0 0.51796875 0.403125 0.89296875 0.034375
0 0.5171875 0.3671875 0.89296875 0.0359375
0 0.51640625 0.3375 0.8921875 0.021875
0 0.515625 0.3203125 0.890625 0.01328125
0 0.515625 0.30703125 0.890625 0.01484375
0 0.5125 0.7640625 0.88671875 0.0515625
0 0.515625 0.72734375 0.89296875 0.02734375
0 0.515625 0.696875 0.8984375 0.03984375
0 0.51484375 0.6625 0.8953125 0.04140625
0 0.5140625 0.62734375 0.8953125 0.0359375
0 0.51328125 0.59140625 0.8921875 0.0375
0 0.51328125 0.86875 0.89375 0.02265625
0 0.515625 0.83828125 0.8921875 0.03828125
0 0.5125 0.80390625 0.890625 0.034375