0 0.4859375 0.4640625 0.865625 0.065625
0 0.4859375 0.415625 0.8671875 0.034375
0 0.4875 0.38984375 0.86875 0.01875
0 0.48515625 0.36640625 0.8640625 0.034375
0 0.48828125 0.3421875 0.86875 0.0125
0 0.48125 0.5328125 0.859375 0.0484375
0 0.4890625 0.5015625 0.871875 0.015625
0 0.48359375 0.6015625 0.8625 0.0625
0 0.48671875 0.56484375 0.86875 0.0140625
0 0.48515625 0.65703125 0.8640625 0.0484375
0 0.48359375 0.728125 0.859375 0.059375
0 0.48515625 0.68828125 0.8625 0.0171875
0 0.484375 0.86640625 0.859375 0.040625
0 0.48515625 0.83984375 0.865625 0.01875
0 0.4859375 0.81484375 0.865625 0.0390625
0 0.4859375 0.775 0.86875 0.03125