0 0.48515625 0.4640625 0.8671875 0.0796875
0 0.484375 0.415625 0.8671875 0.05
0 0.4859375 0.38984375 0.86875 0.0328125
0 0.4828125 0.36640625 0.8640625 0.05
0 0.48515625 0.3421875 0.86875 0.028125
0 0.48203125 0.5328125 0.859375 0.0640625
0 0.4890625 0.5015625 0.871875 0.03125
0 0.48515625 0.6015625 0.8640625 0.0765625
0 0.4875 0.56484375 0.8703125 0.0296875
0 0.48828125 0.65703125 0.8640625 0.0640625
0 0.4875 0.728125 0.8609375 0.075
0 0.48828125 0.68828125 0.8625 0.0328125
0 0.490625 0.86640625 0.8609375 0.0546875
0 0.49140625 0.83984375 0.8671875 0.034375
0 0.49140625 0.81484375 0.8671875 0.0546875
0 0.490625 0.775 0.86875 0.046875