0 0.48359375 0.46484375 0.8734375 0.06328125
0 0.48125 0.415625 0.8671875 0.0375
0 0.48671875 0.39140625 0.86875 0.0140625
0 0.48671875 0.365625 0.86875 0.0375
0 0.4875 0.34140625 0.86875 0.0125
0 0.4859375 0.534375 0.87109375 0.04609375
0 0.48515625 0.50234375 0.87265625 0.0171875
0 0.48671875 0.6 0.87109375 0.06015625
0 0.48359375 0.56484375 0.8640625 0.0171875
0 0.4859375 0.6578125 0.86875 0.05234375
0 0.48515625 0.72734375 0.86796875 0.0625
0 0.48515625 0.690625 0.86796875 0.01328125
0 0.4859375 0.86640625 0.86796875 0.0390625
0 0.4859375 0.8390625 0.86484375 0.01484375
0 0.4859375 0.81328125 0.86875 0.0375
0 0.48828125 0.77578125 0.8703125 0.03828125