0 0.48203125 0.465625 0.875 0.109375
0 0.4765625 0.41640625 0.8671875 0.0828125
0 0.48125 0.3921875 0.86875 0.059375
0 0.4796875 0.36640625 0.86875 0.0828125
0 0.47890625 0.3421875 0.86875 0.0578125
0 0.4875 0.53515625 0.871875 0.0921875
0 0.48515625 0.503125 0.871875 0.0625
0 0.4921875 0.60078125 0.8734375 0.10625
0 0.48671875 0.565625 0.8640625 0.0625
0 0.49453125 0.65859375 0.8703125 0.0984375
0 0.496875 0.728125 0.8703125 0.1078125
0 0.4953125 0.69140625 0.8671875 0.059375
0 0.50546875 0.86640625 0.86875 0.084375
0 0.50390625 0.8390625 0.8640625 0.059375
0 0.50234375 0.81328125 0.86875 0.0828125
0 0.50234375 0.77578125 0.871875 0.084375