0 0.48203125 0.465625 0.875 0.09375
0 0.478125 0.41640625 0.8671875 0.0671875
0 0.4828125 0.3921875 0.86875 0.04375
0 0.48203125 0.36640625 0.86875 0.0671875
0 0.48203125 0.3421875 0.86875 0.0421875
0 0.4875 0.53515625 0.871875 0.0765625
0 0.48515625 0.503125 0.8734375 0.046875
0 0.48984375 0.60078125 0.8734375 0.090625
0 0.4859375 0.565625 0.8640625 0.046875
0 0.49140625 0.65859375 0.8703125 0.0828125
0 0.49296875 0.72734375 0.8703125 0.0921875
0 0.4921875 0.69140625 0.8671875 0.04375
0 0.4984375 0.86640625 0.86875 0.06875
0 0.49765625 0.8390625 0.8640625 0.0453125
0 0.496875 0.81328125 0.86875 0.0671875
0 0.49765625 0.77578125 0.871875 0.06875